14
6
6
-1.5 0 0.7 0 0 0 
0 0 0 0 0 0 
1 0 0 0 
0 1 0 0 
0 0 1 0 
0 0 0 1 
32764
1
0.416921 -3.91211 2.30468 -2.93383 1.13064 0 
0.416921 -3.91211 2.30468 -2.93383 1.13064 0 
-0.206267 0.885229 -0.416921 0.416921 
0.978496 0.186606 -0.0878869 -3.91211 
-5.53959e-17 -0.426084 -0.904684 2.30468 
0 0 0 1 
0
0
0.416921 -3.91211 2.30468 -2.93383 1.13064 0 
0.416921 -3.91211 2.30468 -2.93383 1.13064 0 
-0.206267 0.885229 -0.416921 0.416921 
0.978496 0.186606 -0.0878869 -3.91211 
-5.53959e-17 -0.426084 -0.904684 2.30468 
0 0 0 1 
0
0.000495085
0.416921 -3.91211 2.30468 -2.93383 1.13064 0 
0.416921 -3.91211 2.30468 -2.93383 1.13064 0 
-0.206267 0.885229 -0.416921 0.416921 
0.978496 0.186606 -0.0878869 -3.91211 
-5.53959e-17 -0.426084 -0.904684 2.30468 
0 0 0 1 
0
0.000495085
0.416921 -3.91211 2.30468 -2.93383 1.13064 0 
0.416921 -3.91211 2.30468 -2.93383 1.13064 0 
-0.206267 0.885229 -0.416921 0.416921 
0.978496 0.186606 -0.0878869 -3.91211 
-5.53959e-17 -0.426084 -0.904684 2.30468 
0 0 0 1 
0
0.000495085
0.416921 -3.91211 2.30468 -2.93383 1.13064 0 
0.416921 -3.91211 2.30468 -2.93383 1.13064 0 
-0.206267 0.885229 -0.416921 0.416921 
0.978496 0.186606 -0.0878869 -3.91211 
-5.53959e-17 -0.426084 -0.904684 2.30468 
0 0 0 1 
0
0.000495085
0.416921 -3.91211 2.30468 -2.93383 1.13064 0 
0.416921 -3.91211 2.30468 -2.93383 1.13064 0 
-0.206267 0.885229 -0.416921 0.416921 
0.978496 0.186606 -0.0878869 -3.91211 
-5.53959e-17 -0.426084 -0.904684 2.30468 
0 0 0 1 
0
0.000495085
0.416921 -3.91211 2.30468 -2.93383 1.13064 0 
0.416921 -3.91211 2.30468 -2.93383 1.13064 0 
-0.206267 0.885229 -0.416921 0.416921 
0.978496 0.186606 -0.0878869 -3.91211 
-5.53959e-17 -0.426084 -0.904684 2.30468 
0 0 0 1 
0
0.000495085
0.416921 -3.91211 2.30468 -2.93383 1.13064 0 
0.416921 -3.91211 2.30468 -2.93383 1.13064 0 
-0.206267 0.885229 -0.416921 0.416921 
0.978496 0.186606 -0.0878869 -3.91211 
-5.53959e-17 -0.426084 -0.904684 2.30468 
0 0 0 1 
0
0.000495085
0.416921 -3.91211 2.30468 -2.93383 1.13064 0 
0.416921 -3.91211 2.30468 -2.93383 1.13064 0 
-0.206267 0.885229 -0.416921 0.416921 
0.978496 0.186606 -0.0878869 -3.91211 
-5.53959e-17 -0.426084 -0.904684 2.30468 
0 0 0 1 
0
0.000495085
0.416921 -3.91211 2.30468 -2.93383 1.13064 0 
0.416921 -3.91211 2.30468 -2.93383 1.13064 0 
-0.206267 0.885229 -0.416921 0.416921 
0.978496 0.186606 -0.0878869 -3.91211 
-5.53959e-17 -0.426084 -0.904684 2.30468 
0 0 0 1 
0
0.000495085
0.416921 -3.91211 2.30468 -2.93383 1.13064 0 
0.416921 -3.91211 2.30468 -2.93383 1.13064 0 
-0.206267 0.885229 -0.416921 0.416921 
0.978496 0.186606 -0.0878869 -3.91211 
-5.53959e-17 -0.426084 -0.904684 2.30468 
0 0 0 1 
0
0.000495085
0.416921 -3.91211 2.30468 -2.93383 1.13064 0 
0.416921 -3.91211 2.30468 -2.93383 1.13064 0 
-0.206267 0.885229 -0.416921 0.416921 
0.978496 0.186606 -0.0878869 -3.91211 
-5.53959e-17 -0.426084 -0.904684 2.30468 
0 0 0 1 
0
0.000495085
0.416921 -3.91211 2.30468 -2.93383 1.13064 0 
0.416921 -3.91211 2.30468 -2.93383 1.13064 0 
-0.206267 0.885229 -0.416921 0.416921 
0.978496 0.186606 -0.0878869 -3.91211 
-5.53959e-17 -0.426084 -0.904684 2.30468 
0 0 0 1 
0
0.000495085
