14
6
6
-1.5 0 0.7 0 0 0 
0 0 0 0 0 0 
1 0 0 0 
0 1 0 0 
0 0 1 0 
0 0 0 1 
32766
1
0.762327 0.580467 0.976211 -2.49081 0.29027 0 
0.762327 0.580467 0.976211 -2.49081 0.29027 0 
-0.60581 0.227712 -0.762327 0.762327 
0.79561 0.173389 -0.580467 0.580467 
-1.75254e-17 -0.958167 -0.286211 0.976211 
0 0 0 1 
0
0.000623654
0.762327 0.580467 0.403789 -2.49081 -0.29027 0 
0.762327 0.580467 0.403789 -2.49081 -0.29027 0 
-0.60581 -0.227712 -0.762327 0.762327 
0.79561 -0.173389 -0.580467 0.580467 
1.75254e-17 -0.958167 0.286211 0.403789 
0 0 0 1 
0
0.000410376
0.57735 0.57735 0.11265 -2.35619 -0.61548 0 
0.57735 0.57735 0.11265 -2.35619 -0.61548 0 
-0.707107 -0.408248 -0.57735 0.57735 
0.707107 -0.408248 -0.57735 0.57735 
3.53525e-17 -0.816497 0.57735 0.11265 
0 0 0 1 
0
0.000346894
0.706968 -0.302648 0.050782 2.7371 -0.693481 0 
0.706968 -0.302648 0.050782 2.7371 -0.693481 0 
0.393548 -0.587636 -0.706968 0.706968 
0.919304 0.251563 0.302648 -0.302648 
3.91408e-17 -0.769026 0.639218 0.050782 
0 0 0 1 
0
0.000166793
0.176888 -0.939215 0.395744 1.75695 -0.298677 0 
0.176888 -0.939215 0.395744 1.75695 -0.298677 0 
0.982723 -0.0544615 -0.176888 0.176888 
0.185082 0.289172 0.939215 -0.939215 
1.8018e-17 -0.955727 0.294256 0.395744 
0 0 0 1 
0
6.70886e-05
-0.176888 0.939215 0.984256 -1.38464 0.298677 0 
-0.176888 0.939215 0.984256 -1.38464 0.298677 0 
-0.982723 -0.0544615 0.176888 -0.176888 
-0.185082 0.289172 -0.939215 0.939215 
-1.8018e-17 -0.955727 -0.294256 0.984256 
0 0 0 1 
0
3.84514e-05
-0.345864 -0.886928 0.383834 1.19898 -0.311163 0 
-0.345864 -0.886928 0.383834 1.19898 -0.311163 0 
0.931668 0.111233 0.345864 -0.345864 
-0.363311 0.285245 0.886928 -0.886928 
1.87472e-17 -0.951978 0.306166 0.383834 
0 0 0 1 
0
3.63987e-05
-0.57735 0.57735 0.11265 -0.785398 -0.61548 0 
-0.57735 0.57735 0.11265 -0.785398 -0.61548 0 
-0.707107 0.408248 0.57735 -0.57735 
-0.707107 -0.408248 -0.57735 0.57735 
3.53525e-17 -0.816497 0.57735 0.11265 
0 0 0 1 
0
4.138e-05
-0.886928 0.306166 1.03586 -0.332391 0.353159 0 
-0.886928 0.306166 1.03586 -0.332391 0.353159 0 
-0.326304 -0.326933 0.886928 -0.886928 
-0.945265 0.112857 -0.306166 0.306166 
-2.11781e-17 -0.938285 -0.345864 1.03586 
0 0 0 1 
0
8.31138e-06
0.816797 -0.559125 0.547796 2.54132 -0.142688 0 
0.816797 -0.559125 0.547796 2.54132 -0.142688 0 
0.564866 -0.117344 -0.816797 0.816797 
0.825183 0.0803261 0.559125 -0.559125 
8.70748e-18 -0.989837 0.142204 0.547796 
0 0 0 1 
0
1.54526e-06
0.547076 0.706934 0.241722 -2.2294 -0.464838 0 
0.547076 0.706934 0.241722 -2.2294 -0.464838 0 
-0.790847 -0.274352 -0.547076 0.547076 
0.612014 -0.354519 -0.706934 0.706934 
2.74491e-17 -0.893894 0.448278 0.241722 
0 0 0 1 
0
4.83136e-07
-0.762327 0.580467 0.403789 -0.650783 -0.29027 0 
-0.762327 0.580467 0.403789 -0.650783 -0.29027 0 
-0.60581 0.227712 0.762327 -0.762327 
-0.79561 -0.173389 -0.580467 0.580467 
1.75254e-17 -0.958167 0.286211 0.403789 
0 0 0 1 
0
3.00337e-07
-0.559125 -0.142204 1.5068 0.249052 0.955837 0 
-0.559125 -0.142204 1.5068 0.249052 0.955837 0 
0.246486 -0.791596 0.559125 -0.559125 
-0.969146 -0.201329 0.142204 -0.142204 
-5.00144e-17 -0.576925 -0.816797 1.5068 
0 0 0 1 
0
2.86837e-07
